name: lnremote
channels:
  - conda-forge
  - defaults
dependencies:
  - blas=1.0=mkl
  - bzip2=1.0.8=he774522_0
  - ca-certificates=2023.01.10=haa95532_0
  - cairo=1.16.0=h0ac17fb_1012
  - certifi=2022.12.7=py311haa95532_0
  - double-conversion=3.2.0=h63175ca_1
  - expat=2.5.0=h1537add_0
  - font-ttf-dejavu-sans-mono=2.37=hab24e00_0
  - font-ttf-inconsolata=3.000=h77eed37_0
  - font-ttf-source-code-pro=2.038=h77eed37_0
  - font-ttf-ubuntu=0.83=hab24e00_0
  - fontconfig=2.14.2=hbde0cde_0
  - fonts-conda-ecosystem=1=0
  - fonts-conda-forge=1=0
  - freetype=2.12.1=h546665d_1
  - gettext=0.21.1=h5728263_0
  - graphite2=1.3.13=1000
  - harfbuzz=6.0.0=he256f1b_0
  - icu=70.1=h0e60522_0
  - intel-openmp=2021.4.0=haa95532_3556
  - krb5=1.20.1=heb0366b_0
  - lerc=4.0.0=h63175ca_0
  - libclang=15.0.7=default_h77d9078_1
  - libclang13=15.0.7=default_h77d9078_1
  - libdeflate=1.18=hcfcfb64_0
  - libffi=3.4.2=hd77b12b_6
  - libglib=2.74.1=he8f3873_1
  - libiconv=1.17=h8ffe710_0
  - libjpeg-turbo=2.1.5.1=hcfcfb64_0
  - libpng=1.6.39=h19919ed_0
  - libsqlite=3.40.0=hcfcfb64_0
  - libtiff=4.5.0=h6c8260b_6
  - libwebp-base=1.3.0=hcfcfb64_0
  - libxml2=2.10.3=hc3477c8_6
  - libxslt=1.1.37=h0192164_0
  - libzlib=1.2.13=hcfcfb64_4
  - mkl=2021.4.0=haa95532_640
  - mkl-service=2.4.0=py311h2bbff1b_0
  - mkl_fft=1.3.1=py311h743a336_0
  - mkl_random=1.2.2=py311heda8569_0
  - numpy=1.23.5=py311h54701ec_0
  - numpy-base=1.23.5=py311h0424125_0
  - openssl=3.1.0=hcfcfb64_0
  - pcre2=10.40=h17e33f8_0
  - pip=23.0.1=py311haa95532_0
  - pixman=0.40.0=h8ffe710_0
  - pyserial=3.5=py311haa95532_0
  - pyside6=6.4.3=py311h61a27bc_1
  - python=3.11.0=hcf16a7b_0_cpython
  - python_abi=3.11=3_cp311
  - qt6-main=6.4.3=h313ff9a_0
  - setuptools=65.6.3=py311haa95532_0
  - six=1.16.0=pyhd3eb1b0_1
  - sqlite=3.41.1=h2bbff1b_0
  - tk=8.6.12=h2bbff1b_0
  - tzdata=2022g=h04d1e81_0
  - ucrt=10.0.22621.0=h57928b3_0
  - vc=14.2=h21ff451_1
  - vs2015_runtime=14.34.31931=h4c5c07a_10
  - wheel=0.38.4=py311haa95532_0
  - wincertstore=0.2=py311haa95532_0
  - xz=5.2.10=h8cc25b3_1
  - zstd=1.5.2=h12be248_6
  - pip:
      - packaging==23.0
      - qdarkstyle==3.1
      - qtpy==2.3.0
